------------------------------------------------------------
 Transmission Coefficient on refined energy grid using transfer matrices
------------------------------------------------------------
Transmission Coefficient, Energy (eV)
         3.85768e-17,                0.005
          6.2124e-17,               0.0075
         8.89409e-17,                 0.01
         1.19392e-16,               0.0125
         1.53881e-16,                0.015
         1.92851e-16,               0.0175
         2.36791e-16,                 0.02
         2.86242e-16,               0.0225
         3.41799e-16,                0.025
         4.04116e-16,               0.0275
         4.73917e-16,                 0.03
         5.51997e-16,               0.0325
         6.39232e-16,                0.035
         7.36588e-16,               0.0375
         8.45128e-16,                 0.04
         9.66022e-16,               0.0425
         1.10056e-15,                0.045
         1.25015e-15,               0.0475
         1.41637e-15,                 0.05
         1.60093e-15,               0.0525
         1.80572e-15,                0.055
         2.03282e-15,               0.0575
         2.28451e-15,                 0.06
         2.56334e-15,               0.0625
         2.87205e-15,                0.065
         3.21371e-15,               0.0675
         3.59167e-15,                 0.07
         4.00962e-15,               0.0725
         4.47164e-15,                0.075
         4.98218e-15,               0.0775
         5.54618e-15,                 0.08
         6.16905e-15,               0.0825
         6.85673e-15,                0.085
          7.6158e-15,               0.0875
         8.45347e-15,                 0.09
         9.37766e-15,               0.0925
         1.03971e-14,                0.095
         1.15215e-14,               0.0975
         1.27613e-14,                  0.1
         1.56352e-14,                0.105
         1.91268e-14,                 0.11
         2.33671e-14,                0.115
          2.8515e-14,                 0.12
          3.4763e-14,                0.125
          4.2345e-14,                 0.13
         5.15449e-14,                0.135
         6.27076e-14,                 0.14
         7.62522e-14,                0.145
         9.26884e-14,                 0.15
         1.12636e-13,                0.155
         1.36852e-13,                 0.16
         1.66254e-13,                0.165
         2.01965e-13,                 0.17
         2.45353e-13,                0.175
          2.9809e-13,                 0.18
         3.62216e-13,                0.185
          4.4023e-13,                 0.19
         5.35186e-13,                0.195
         6.50829e-13,                  0.2
         7.91749e-13,                0.205
         9.63577e-13,                 0.21
         1.17324e-12,                0.215
         1.42923e-12,                 0.22
         1.74204e-12,                0.225
         2.12456e-12,                 0.23
          2.3468e-12,               0.2325
         2.59272e-12,                0.235
         2.86488e-12,               0.2375
         3.16617e-12,                 0.24
         3.49977e-12,               0.2425
         3.86922e-12,                0.245
         4.27849e-12,               0.2475
         4.73196e-12,                 0.25
         5.23454e-12,               0.2525
         5.79167e-12,                0.255
         6.40944e-12,               0.2575
         7.09463e-12,                 0.26
         7.85479e-12,               0.2625
         8.69834e-12,                0.265
         9.63468e-12,               0.2675
         1.06743e-11,                 0.27
          1.1829e-11,               0.2725
         1.31117e-11,                0.275
         1.45372e-11,               0.2775
         1.61218e-11,                 0.28
         1.78837e-11,               0.2825
         1.98434e-11,                0.285
         2.20238e-11,               0.2875
         2.44505e-11,                 0.29
         2.71522e-11,               0.2925
         3.01611e-11,                0.295
         3.35132e-11,               0.2975
         3.72489e-11,                  0.3
         4.14134e-11,               0.3025
         4.60578e-11,                0.305
          5.1239e-11,               0.3075
         5.70213e-11,                 0.31
         6.34768e-11,               0.3125
         7.06864e-11,                0.315
         7.87413e-11,               0.3175
         8.77442e-11,                 0.32
         9.78104e-11,               0.3225
          1.0907e-10,                0.325
          1.2167e-10,               0.3275
         1.35775e-10,                 0.33
         1.51572e-10,               0.3325
         1.69271e-10,                0.335
          1.8911e-10,               0.3375
         2.11357e-10,                 0.34
         2.36316e-10,               0.3425
          2.6433e-10,                0.345
         2.95787e-10,               0.3475
         3.31127e-10,                 0.35
         3.70849e-10,               0.3525
         4.15516e-10,                0.355
         4.65771e-10,               0.3575
         5.22339e-10,                 0.36
         5.86046e-10,               0.3625
         6.57832e-10,                0.365
         7.38762e-10,               0.3675
         8.30051e-10,                 0.37
          9.3308e-10,               0.3725
         1.04942e-09,                0.375
         1.18088e-09,               0.3775
         1.32949e-09,                 0.38
          1.4976e-09,               0.3825
         1.68787e-09,                0.385
         1.90337e-09,               0.3875
         2.14758e-09,                 0.39
          2.4245e-09,               0.3925
         2.73873e-09,                0.395
         3.09551e-09,               0.3975
         3.50088e-09,                  0.4
         3.96177e-09,               0.4025
         4.48614e-09,                0.405
         5.08318e-09,               0.4075
         5.76341e-09,                 0.41
         6.53903e-09,               0.4125
         7.42406e-09,                0.415
          8.4347e-09,               0.4175
         9.58969e-09,                 0.42
         1.09107e-08,               0.4225
         1.24228e-08,                0.425
         1.41551e-08,               0.4275
         1.61413e-08,                 0.43
         1.84207e-08,               0.4325
         2.10388e-08,                0.435
         2.40487e-08,               0.4375
         2.75122e-08,                 0.44
         3.15015e-08,               0.4425
         3.61008e-08,                0.445
         4.14086e-08,               0.4475
         4.75405e-08,                 0.45
         5.46316e-08,               0.4525
         6.28409e-08,                0.455
         7.23549e-08,               0.4575
         8.33934e-08,                 0.46
         9.62156e-08,               0.4625
         1.11127e-07,                0.465
         1.28489e-07,               0.4675
         1.48731e-07,                 0.47
         1.72358e-07,               0.4725
         1.99975e-07,                0.475
         2.32298e-07,               0.4775
         2.70182e-07,                 0.48
         3.14648e-07,               0.4825
         3.66915e-07,                0.485
         4.28447e-07,               0.4875
         5.00998e-07,                 0.49
         5.86682e-07,               0.4925
         6.88043e-07,                0.495
         8.08159e-07,               0.4975
         9.50752e-07,                  0.5
         1.12034e-06,               0.5025
         1.32243e-06,                0.505
         1.56371e-06,               0.5075
         1.85239e-06,                 0.51
          2.1985e-06,               0.5125
         2.61441e-06,                0.515
         3.11533e-06,               0.5175
          3.7201e-06,                 0.52
         4.45206e-06,               0.5225
         5.34029e-06,                0.525
         6.42109e-06,               0.5275
         7.73996e-06,                 0.53
         9.35415e-06,               0.5325
         1.02939e-05,              0.53375
          1.1336e-05,                0.535
         1.24926e-05,              0.53625
         1.37773e-05,               0.5375
         1.52055e-05,              0.53875
         1.67948e-05,                 0.54
          1.8565e-05,              0.54125
         2.05385e-05,               0.5425
         2.27407e-05,              0.54375
         2.52007e-05,                0.545
         2.79515e-05,              0.54625
         3.10308e-05,               0.5475
         3.44814e-05,              0.54875
         3.83527e-05,                 0.55
         4.27008e-05,              0.55125
         4.75905e-05,               0.5525
         5.30961e-05,              0.55375
         5.93029e-05,                0.555
         6.63098e-05,              0.55625
         7.42305e-05,               0.5575
         8.31972e-05,              0.55875
         9.33628e-05,                 0.56
         0.000104905,              0.56125
         0.000118032,               0.5625
         0.000132985,              0.56375
         0.000150048,                0.565
         0.000169554,              0.56625
         0.000191892,               0.5675
         0.000217526,              0.56875
            0.000247,                 0.57
         0.000280962,              0.57125
         0.000320183,               0.5725
         0.000365584,              0.57375
         0.000418265,                0.575
         0.000479554,              0.57625
         0.000551051,               0.5775
         0.000634694,              0.57875
         0.000732844,                 0.58
         0.000848389,              0.58125
         0.000984874,               0.5825
          0.00114668,              0.58375
          0.00133924,                0.585
          0.00156936,              0.58625
          0.00184557,               0.5875
          0.00217867,              0.58875
          0.00258245,                 0.59
           0.0030746,              0.59125
          0.00336074,             0.591875
          0.00367806,               0.5925
          0.00403057,             0.593125
          0.00442282,              0.59375
           0.0048601,             0.594375
          0.00534849,                0.595
          0.00589506,             0.595625
          0.00650799,              0.59625
          0.00719686,             0.596875
          0.00797284,               0.5975
          0.00884905,             0.598125
          0.00984096,              0.59875
           0.0109668,             0.599375
           0.0122484,                  0.6
           0.0137116,             0.600625
           0.0153874,              0.60125
           0.0173131,             0.601875
           0.0195339,               0.6025
           0.0221045,             0.603125
           0.0250921,              0.60375
           0.0285791,             0.604375
           0.0326673,                0.605
           0.0374833,             0.605625
           0.0431856,              0.60625
           0.0499737,             0.606875
           0.0581006,               0.6075
           0.0678884,             0.608125
           0.0797502,              0.60875
           0.0942179,             0.609375
            0.111979,                 0.61
            0.122363,             0.610313
            0.133921,             0.610625
            0.146807,             0.610938
            0.161189,              0.61125
            0.177262,             0.611563
             0.19524,             0.611875
            0.215363,             0.612188
            0.237889,               0.6125
            0.263102,             0.612812
            0.291295,             0.613125
            0.322767,             0.613438
            0.357802,              0.61375
            0.396646,             0.614062
            0.439468,             0.614375
            0.537035,                0.615
            0.648155,             0.615625
            0.765161,              0.61625
            0.873886,             0.616875
            0.919441,             0.617188
            0.956134,               0.6175
            0.982251,             0.617812
            0.996799,             0.618125
            0.999635,             0.618437
            0.991439,              0.61875
            0.973553,             0.619062
            0.947741,             0.619375
            0.880012,                 0.62
            0.802274,             0.620625
            0.724524,              0.62125
            0.652369,             0.621875
             0.58818,               0.6225
            0.532416,             0.623125
            0.484577,              0.62375
            0.443779,             0.624375
            0.409051,                0.625
            0.379478,             0.625625
            0.354255,              0.62625
            0.332696,             0.626875
            0.314228,               0.6275
            0.298378,             0.628125
            0.284755,              0.62875
            0.262966,                 0.63
            0.246916,              0.63125
            0.235278,               0.6325
            0.227136,              0.63375
            0.221856,                0.635
            0.218998,              0.63625
             0.21826,               0.6375
            0.219444,              0.63875
            0.222427,                 0.64
            0.233597,               0.6425
            0.251842,                0.645
            0.277862,               0.6475
            0.312882,                 0.65
            0.358577,               0.6525
            0.416882,                0.655
             0.48956,               0.6575
            0.577262,                 0.66
             0.67789,               0.6625
            0.784497,                0.665
            0.884062,               0.6675
            0.959646,                 0.67
            0.997058,               0.6725
            0.992156,                0.675
            0.952345,               0.6775
             0.89128,                 0.68
            0.822194,               0.6825
            0.754376,                0.685
            0.692911,               0.6875
            0.639861,                 0.69
            0.559447,                0.695
             0.50855,                  0.7

