------------------------------------------------------------
 Transmission Coefficient on refined energy grid using transfer matrices
------------------------------------------------------------
Transmission Coefficient, Energy (eV)
         4.22712e-19,                0.005
         5.50083e-19,              0.00625
         6.87228e-19,               0.0075
         8.34749e-19,              0.00875
         9.93286e-19,                 0.01
         1.16351e-18,              0.01125
         1.34614e-18,               0.0125
         1.54192e-18,              0.01375
         1.75165e-18,                0.015
         2.21636e-18,               0.0175
         2.74759e-18,                 0.02
         3.35348e-18,               0.0225
         4.04312e-18,                0.025
         4.82666e-18,               0.0275
         5.71538e-18,                 0.03
          6.7219e-18,               0.0325
         7.86023e-18,                0.035
         9.14602e-18,               0.0375
         1.05967e-17,                 0.04
         1.22316e-17,               0.0425
         1.40724e-17,                0.045
         1.61432e-17,               0.0475
         1.84706e-17,                 0.05
         2.10846e-17,               0.0525
         2.40182e-17,                0.055
         2.73084e-17,               0.0575
         3.09963e-17,                 0.06
         3.51277e-17,               0.0625
         3.97534e-17,                0.065
           4.493e-17,               0.0675
         5.07207e-17,                 0.07
         5.71954e-17,               0.0725
         6.44322e-17,                0.075
         7.25179e-17,               0.0775
         8.15492e-17,                 0.08
         9.16335e-17,               0.0825
          1.0289e-16,                0.085
         1.15453e-16,               0.0875
         1.29469e-16,                 0.09
         1.45104e-16,               0.0925
         1.62541e-16,                0.095
         1.81985e-16,               0.0975
         2.03662e-16,                  0.1
         2.27825e-16,               0.1025
         2.54756e-16,                0.105
         2.84769e-16,               0.1075
         3.18212e-16,                 0.11
         3.55475e-16,               0.1125
         3.96989e-16,                0.115
         4.43238e-16,               0.1175
         4.94758e-16,                 0.12
         5.52146e-16,               0.1225
         6.16071e-16,                0.125
         6.87274e-16,               0.1275
         7.66582e-16,                 0.13
         8.54918e-16,               0.1325
          9.5331e-16,                0.135
          1.0629e-15,               0.1375
         1.18498e-15,                 0.14
         1.32096e-15,               0.1425
         1.47243e-15,                0.145
         1.64118e-15,               0.1475
         1.82917e-15,                 0.15
         2.03862e-15,               0.1525
         2.27198e-15,                0.155
         2.53202e-15,               0.1575
          2.8218e-15,                 0.16
         3.14476e-15,               0.1625
         3.50472e-15,                0.165
         3.90597e-15,               0.1675
          4.3533e-15,                 0.17
         4.85204e-15,               0.1725
         5.40818e-15,                0.175
          6.0284e-15,               0.1775
         6.72018e-15,                 0.18
         7.49188e-15,               0.1825
         8.35285e-15,                0.185
         9.31357e-15,               0.1875
         1.03858e-14,                 0.19
         1.15825e-14,               0.1925
         1.29186e-14,                0.195
         1.44105e-14,               0.1975
         1.60766e-14,                  0.2
         1.79375e-14,               0.2025
         2.00166e-14,                0.205
         2.23398e-14,               0.2075
         2.49362e-14,                 0.21
         2.78387e-14,               0.2125
         3.10839e-14,                0.215
         3.47131e-14,               0.2175
         3.87726e-14,                 0.22
         4.33145e-14,               0.2225
         4.83973e-14,                0.225
         5.40866e-14,               0.2275
         6.04564e-14,                 0.23
         6.75898e-14,               0.2325
         7.55803e-14,                0.235
         8.45333e-14,               0.2375
         9.45671e-14,                 0.24
         1.05815e-13,               0.2425
         1.18428e-13,                0.245
         1.32575e-13,               0.2475
         1.48448e-13,                 0.25
         1.66261e-13,               0.2525
         1.86258e-13,                0.255
         2.08713e-13,               0.2575
         2.33936e-13,                 0.26
         2.62276e-13,               0.2625
          2.9413e-13,                0.265
         3.29943e-13,               0.2675
         3.70221e-13,                 0.27
         4.15536e-13,               0.2725
         4.66533e-13,                0.275
         5.23946e-13,               0.2775
         5.88603e-13,                 0.28
         6.61445e-13,               0.2825
         7.43535e-13,                0.285
         8.36083e-13,               0.2875
         9.40457e-13,                 0.29
         1.05821e-12,               0.2925
         1.19112e-12,                0.295
         1.34118e-12,               0.2975
         1.51068e-12,                  0.3
         1.70221e-12,               0.3025
         1.91872e-12,                0.305
         2.16357e-12,               0.3075
         2.44058e-12,                 0.31
         2.75411e-12,               0.3125
         3.10914e-12,                0.315
         3.51132e-12,               0.3175
         3.96713e-12,                 0.32
         4.48394e-12,               0.3225
         5.07019e-12,                0.325
         5.73553e-12,               0.3275
         6.49097e-12,                 0.33
         7.34913e-12,               0.3325
         8.32447e-12,                0.335
         9.43352e-12,               0.3375
         1.06953e-11,                 0.34
         1.21314e-11,               0.3425
          1.3767e-11,                0.345
         1.56307e-11,               0.3475
         1.77555e-11,                 0.35
         2.01792e-11,               0.3525
         2.29455e-11,                0.355
         2.61045e-11,               0.3575
         2.97141e-11,                 0.36
         3.38411e-11,               0.3625
         3.85623e-11,                0.365
         4.39666e-11,               0.3675
         5.01567e-11,                 0.37
         5.72512e-11,               0.3725
         6.53876e-11,                0.375
         7.47249e-11,               0.3775
         8.54474e-11,                 0.38
         9.77689e-11,               0.3825
         1.11938e-10,                0.385
         1.28242e-10,               0.3875
         1.47017e-10,                 0.39
         1.68653e-10,               0.3925
         1.93605e-10,                0.395
         2.22401e-10,               0.3975
          2.5566e-10,                  0.4
         2.94103e-10,               0.4025
         3.38575e-10,                0.405
         3.90062e-10,               0.4075
          4.4972e-10,                 0.41
         5.18905e-10,               0.4125
         5.99207e-10,                0.415
         6.92493e-10,               0.4175
         8.00962e-10,                 0.42
           9.272e-10,               0.4225
         1.07426e-09,                0.425
         1.24572e-09,               0.4275
         1.44586e-09,                 0.43
         1.67967e-09,               0.4325
         1.95313e-09,                0.435
         2.27327e-09,               0.4375
         2.64848e-09,                 0.44
         3.08869e-09,               0.4425
         3.60576e-09,                0.445
         4.21379e-09,               0.4475
         4.92962e-09,                 0.45
         5.77338e-09,               0.4525
         6.76916e-09,                0.455
         7.94583e-09,               0.4575
         9.33804e-09,                 0.46
         1.09875e-08,               0.4625
         1.29443e-08,                0.465
          1.5269e-08,               0.4675
         1.80349e-08,                 0.47
         2.13303e-08,               0.4725
         2.52628e-08,                0.475
         2.99628e-08,               0.4775
          3.5589e-08,                 0.48
         4.23353e-08,               0.4825
         5.04383e-08,                0.485
         6.01881e-08,               0.4875
         7.19407e-08,                 0.49
         8.61338e-08,               0.4925
         1.03308e-07,                0.495
          1.2413e-07,               0.4975
         1.49427e-07,                  0.5
         1.80228e-07,               0.5025
         2.17813e-07,                0.505
         2.63781e-07,               0.5075
         2.90516e-07,              0.50875
         3.20136e-07,                 0.51
         3.52972e-07,              0.51125
         3.89398e-07,               0.5125
          4.2983e-07,              0.51375
         4.74741e-07,                0.515
          5.2466e-07,              0.51625
         5.80183e-07,               0.5175
         6.41983e-07,              0.51875
          7.1082e-07,                 0.52
         7.87551e-07,              0.52125
         8.73145e-07,               0.5225
         9.68701e-07,              0.52375
         1.07546e-06,                0.525
         1.19483e-06,              0.52625
         1.32842e-06,               0.5275
         1.47804e-06,              0.52875
         1.64576e-06,                 0.53
         1.83394e-06,              0.53125
         2.04526e-06,               0.5325
         2.28279e-06,              0.53375
         2.55003e-06,                0.535
           2.851e-06,              0.53625
         3.19029e-06,               0.5375
         3.57317e-06,              0.53875
         4.00571e-06,                 0.54
         4.49486e-06,              0.54125
         5.04867e-06,               0.5425
         5.67639e-06,              0.54375
         6.38874e-06,                0.545
         7.19812e-06,              0.54625
         8.11888e-06,               0.5475
         9.16773e-06,              0.54875
         1.03641e-05,                 0.55
         1.17305e-05,              0.55125
         1.32936e-05,               0.5525
          1.5084e-05,              0.55375
         1.71382e-05,                0.555
         1.94986e-05,              0.55625
         2.22154e-05,               0.5575
         2.53478e-05,              0.55875
         2.89655e-05,                 0.56
         3.31516e-05,              0.56125
         3.80046e-05,               0.5625
         4.36419e-05,              0.56375
          5.0204e-05,                0.565
         5.78589e-05,              0.56625
         6.68091e-05,               0.5675
         7.72984e-05,              0.56875
         8.96221e-05,                 0.57
         0.000104139,              0.57125
         0.000121285,               0.5725
         0.000141596,              0.57375
          0.00016573,                0.575
         0.000194496,              0.57625
         0.000228902,               0.5775
           0.0002702,              0.57875
         0.000319963,                 0.58
         0.000380168,              0.58125
         0.000453326,               0.5825
         0.000542636,              0.58375
         0.000594591,             0.584375
         0.000652212,                0.585
         0.000716207,             0.585625
         0.000787379,              0.58625
         0.000866653,             0.586875
         0.000955085,               0.5875
          0.00105389,             0.588125
          0.00116448,              0.58875
          0.00128847,             0.589375
          0.00142774,                 0.59
          0.00158447,             0.590625
           0.0017612,              0.59125
          0.00196091,             0.591875
           0.0021871,               0.5925
          0.00244386,             0.593125
          0.00273604,              0.59375
           0.0030694,             0.594375
          0.00345078,                0.595
          0.00388837,             0.595625
          0.00439199,              0.59625
          0.00497352,             0.596875
          0.00564732,               0.5975
          0.00643095,             0.598125
          0.00734592,              0.59875
          0.00841878,             0.599375
          0.00968251,                  0.6
           0.0111784,             0.600625
           0.0129583,              0.60125
           0.0150884,             0.601875
           0.0176532,               0.6025
           0.0207621,             0.603125
           0.0245581,              0.60375
           0.0267704,             0.604062
           0.0292296,             0.604375
           0.0319692,             0.604688
           0.0350283,                0.605
           0.0384521,             0.605312
           0.0422939,             0.605625
           0.0466157,             0.605938
           0.0514907,              0.60625
           0.0570053,             0.606562
           0.0632616,             0.606875
           0.0703807,             0.607187
           0.0785068,               0.6075
           0.0878121,             0.607812
           0.0985021,             0.608125
            0.110823,             0.608437
            0.125069,              0.60875
            0.141592,             0.609062
            0.160812,             0.609375
            0.183227,             0.609687
             0.20942,                 0.61
            0.240063,             0.610313
            0.275913,             0.610625
            0.317781,             0.610938
            0.366476,              0.61125
            0.422685,             0.611563
            0.486784,             0.611875
            0.558539,             0.612188
            0.636719,               0.6125
             0.71868,             0.612812
             0.80008,             0.613125
            0.875011,             0.613438
            0.936775,              0.61375
            0.979311,             0.614062
            0.998808,             0.614375
            0.994743,             0.614688
            0.969811,                0.615
            0.928867,             0.615312
            0.877486,             0.615625
            0.820784,             0.615938
             0.76279,              0.61625
            0.653029,             0.616875
            0.559139,               0.6175
            0.482695,             0.618125
            0.421633,              0.61875
            0.373065,             0.619375
            0.334324,                 0.62
            0.303244,             0.620625
            0.278144,              0.62125
            0.257749,             0.621875
            0.241091,               0.6225
            0.227441,             0.623125
            0.216239,              0.62375
            0.207059,             0.624375
            0.199569,                0.625
            0.193512,             0.625625
            0.188688,              0.62625
             0.18214,               0.6275
            0.179026,              0.62875
            0.178801,                 0.63
            0.181153,              0.63125
            0.185938,               0.6325
             0.19314,              0.63375
            0.202849,                0.635
            0.215253,              0.63625
            0.230634,               0.6375
            0.249367,              0.63875
            0.271925,                 0.64
            0.298875,              0.64125
            0.330875,               0.6425
            0.368644,              0.64375
            0.412907,                0.645
            0.464293,              0.64625
            0.523152,               0.6475
            0.589285,              0.64875
            0.661577,                 0.65
            0.737595,              0.65125
            0.813305,               0.6525
            0.883173,              0.65375
            0.940874,                0.655
            0.980654,              0.65625
            0.998887,               0.6575
            0.995095,              0.65875
            0.971899,                 0.66
            0.933978,              0.66125
            0.886678,               0.6625
            0.834868,              0.66375
            0.782346,                0.665
            0.684532,               0.6675
            0.603178,                 0.67
            0.539481,               0.6725
            0.491382,                0.675
            0.456189,               0.6775
            0.431519,                 0.68
            0.415527,               0.6825
            0.406884,                0.685
            0.404689,               0.6875
            0.408383,                 0.69
            0.417674,               0.6925
             0.43248,                0.695
            0.452876,               0.6975
            0.479042,                  0.7

