------------------------------------------------------------
 Transmission Coefficient on refined energy grid using transfer matrices
------------------------------------------------------------
Transmission Coefficient, Energy (eV)
         1.33382e-15,                0.005
         2.13203e-15,               0.0075
         3.02966e-15,                 0.01
         4.03663e-15,               0.0125
         5.16381e-15,                0.015
         6.42307e-15,               0.0175
         7.82738e-15,                 0.02
         9.39089e-15,               0.0225
         1.11291e-14,                0.025
         1.30588e-14,               0.0275
         1.51984e-14,                 0.03
         1.75682e-14,               0.0325
         2.01899e-14,                0.035
         2.30877e-14,               0.0375
         2.62875e-14,                 0.04
         2.98179e-14,               0.0425
         3.37101e-14,                0.045
         3.79979e-14,               0.0475
         4.27184e-14,                 0.05
         4.79119e-14,               0.0525
         5.36225e-14,                0.055
         5.98982e-14,               0.0575
         6.67914e-14,                 0.06
         7.43592e-14,               0.0625
          8.2664e-14,                0.065
         1.01762e-13,                 0.07
         1.24707e-13,                0.075
         1.52236e-13,                 0.08
         1.85229e-13,                0.085
         2.24729e-13,                 0.09
          2.7198e-13,                0.095
         3.28462e-13,                  0.1
         3.95933e-13,                0.105
         4.76491e-13,                 0.11
          5.7263e-13,                0.115
         6.87325e-13,                 0.12
         8.24117e-13,                0.125
         9.87231e-13,                 0.13
          1.1817e-12,                0.135
         1.41354e-12,                 0.14
         1.68993e-12,                0.145
         2.01942e-12,                 0.15
         2.41227e-12,                0.155
         2.88071e-12,                 0.16
         3.43939e-12,                0.165
         4.10584e-12,                 0.17
         4.90106e-12,                0.175
         5.85022e-12,                 0.18
         6.98353e-12,                0.185
         8.33723e-12,                 0.19
         9.95485e-12,                0.195
         1.18887e-11,                  0.2
         1.42019e-11,                0.205
         1.69701e-11,                 0.21
         2.02848e-11,                0.215
         2.42563e-11,                 0.22
         2.90177e-11,                0.225
         3.47299e-11,                 0.23
         4.15875e-11,                0.235
         4.98263e-11,                 0.24
         5.97319e-11,                0.245
         7.16513e-11,                 0.25
         8.60056e-11,                0.255
         1.03307e-10,                 0.26
          1.2418e-10,                0.265
         1.49385e-10,                 0.27
         1.79851e-10,                0.275
         2.16712e-10,                 0.28
         2.61358e-10,                0.285
         3.15491e-10,                 0.29
           3.812e-10,                0.295
         4.61052e-10,                  0.3
         5.58209e-10,                0.305
         6.76565e-10,                 0.31
         8.20931e-10,                0.315
         9.97255e-10,                 0.32
          1.2129e-09,                0.325
         1.33825e-09,               0.3275
         1.47702e-09,                 0.33
         1.63071e-09,               0.3325
         1.80097e-09,                0.335
         1.98968e-09,               0.3375
         2.19891e-09,                 0.34
         2.43098e-09,               0.3425
         2.68849e-09,                0.345
         2.97434e-09,               0.3475
         3.29178e-09,                 0.35
         3.64446e-09,               0.3525
         4.03645e-09,                0.355
         4.47232e-09,               0.3575
          4.9572e-09,                 0.36
         5.49684e-09,               0.3625
          6.0977e-09,                0.365
         6.76702e-09,               0.3675
         7.51298e-09,                 0.37
         8.34474e-09,               0.3725
         9.27262e-09,                0.375
         1.03083e-08,               0.3775
         1.14647e-08,                 0.38
         1.27568e-08,               0.3825
         1.42012e-08,                0.385
         1.58166e-08,               0.3875
         1.76244e-08,                 0.39
         1.96486e-08,               0.3925
         2.19162e-08,                0.395
         2.44582e-08,               0.3975
         2.73094e-08,                  0.4
         3.05092e-08,               0.4025
         3.41025e-08,                0.405
         3.81401e-08,               0.4075
         4.26801e-08,                 0.41
          4.7788e-08,               0.4125
         5.35388e-08,                0.415
         6.00178e-08,               0.4175
         6.73221e-08,                 0.42
         7.55627e-08,               0.4225
         8.48662e-08,                0.425
         9.53775e-08,               0.4275
         1.07262e-07,                 0.43
          1.2071e-07,               0.4325
         1.35939e-07,                0.435
         1.53197e-07,               0.4375
         1.72773e-07,                 0.44
         1.94994e-07,               0.4425
         2.20241e-07,                0.445
         2.48951e-07,               0.4475
         2.81627e-07,                 0.45
         3.18853e-07,               0.4525
         3.61299e-07,                0.455
         4.09747e-07,               0.4575
         4.65099e-07,                 0.46
         5.28402e-07,               0.4625
         6.00874e-07,                0.465
         6.83931e-07,               0.4675
         7.79224e-07,                 0.47
         8.88677e-07,               0.4725
         1.01454e-06,                0.475
         1.15945e-06,               0.4775
         1.32648e-06,                 0.48
         1.51926e-06,               0.4825
         1.74205e-06,                0.485
         1.99985e-06,               0.4875
         2.29859e-06,                 0.49
         2.64524e-06,               0.4925
         3.04809e-06,                0.495
         3.51696e-06,               0.4975
         4.06351e-06,                  0.5
         4.70164e-06,               0.5025
         5.44795e-06,                0.505
         6.32227e-06,               0.5075
         7.34841e-06,                 0.51
         8.55497e-06,               0.5125
         9.97641e-06,                0.515
         1.16544e-05,               0.5175
         1.36392e-05,                 0.52
         1.59923e-05,               0.5225
         1.87882e-05,                0.525
          2.2118e-05,               0.5275
         2.60936e-05,                 0.53
         3.08525e-05,               0.5325
         3.65643e-05,                0.535
         4.34396e-05,               0.5375
         5.17397e-05,                 0.54
         6.17916e-05,               0.5425
         7.40053e-05,                0.545
         8.88975e-05,               0.5475
         0.000107123,                 0.55
         0.000117737,              0.55125
         0.000129515,               0.5525
         0.000142595,              0.55375
          0.00015714,                0.555
          0.00017333,              0.55625
         0.000191374,               0.5575
         0.000211506,              0.55875
         0.000233997,                 0.56
         0.000259156,              0.56125
         0.000287336,               0.5625
         0.000318943,              0.56375
         0.000354447,                0.565
         0.000394385,              0.56625
         0.000439383,               0.5675
         0.000490161,              0.56875
          0.00054756,                 0.57
         0.000612555,              0.57125
         0.000686287,               0.5725
          0.00077009,              0.57375
         0.000865529,                0.575
         0.000974448,              0.57625
          0.00109902,               0.5775
          0.00124183,              0.57875
          0.00140594,                 0.58
            0.001595,              0.58125
          0.00181341,               0.5825
          0.00206642,              0.58375
          0.00236041,                0.585
          0.00270309,              0.58625
          0.00310389,               0.5875
          0.00357434,              0.58875
          0.00412869,                 0.59
          0.00478455,              0.59125
          0.00556393,               0.5925
          0.00649445,              0.59375
          0.00761107,                0.595
          0.00895831,              0.59625
           0.0105934,               0.5975
           0.0125906,              0.59875
           0.0137542,             0.599375
            0.015047,                  0.6
            0.016486,             0.600625
           0.0180911,              0.60125
            0.019885,             0.601875
           0.0218946,               0.6025
           0.0241508,             0.603125
             0.02669,              0.60375
           0.0295549,             0.604375
           0.0327956,                0.605
           0.0364717,             0.605625
           0.0406533,              0.60625
           0.0454244,             0.606875
           0.0508849,               0.6075
           0.0571545,             0.608125
            0.064377,              0.60875
            0.072726,             0.609375
           0.0824107,                 0.61
           0.0936847,             0.610625
            0.106855,              0.61125
            0.122294,             0.611875
            0.140451,               0.6125
            0.161866,             0.613125
            0.187183,              0.61375
             0.21716,             0.614375
            0.252661,                0.615
            0.294639,             0.615625
            0.344065,              0.61625
            0.401803,             0.616875
            0.468376,               0.6175
            0.543608,             0.618125
            0.626144,              0.61875
            0.712935,             0.619375
            0.798929,                 0.62
            0.877315,             0.620625
            0.940613,              0.62125
             0.98249,             0.621875
            0.999579,               0.6225
            0.992357,             0.623125
             0.96463,              0.62375
            0.922051,             0.624375
            0.870512,                0.625
            0.815045,             0.625625
            0.759369,              0.62625
            0.656056,               0.6275
            0.569246,              0.62875
            0.499399,                 0.63
            0.444129,              0.63125
            0.400587,               0.6325
            0.366262,              0.63375
            0.339157,                0.635
            0.317744,              0.63625
             0.30087,               0.6375
            0.287671,              0.63875
            0.277497,                 0.64
            0.269859,              0.64125
            0.264389,               0.6425
            0.258908,                0.645
            0.259579,               0.6475
            0.265638,                 0.65
            0.276789,               0.6525
             0.29307,                0.655
            0.314774,               0.6575
            0.342399,                 0.66
            0.376592,               0.6625
            0.418075,                0.665
             0.46752,               0.6675
             0.52534,                 0.67
            0.591356,               0.6725
            0.664366,                0.675
             0.74165,               0.6775
            0.818658,                 0.68
            0.889178,               0.6825
            0.946315,                0.685
            0.984177,               0.6875
             0.99962,                 0.69
            0.993126,               0.6925
            0.968327,                0.695
            0.930584,               0.6975
             0.88544,                  0.7

