------------------------------------------------------------
 Transmission Coefficient on refined energy grid using transfer matrices
------------------------------------------------------------
Transmission Coefficient, Energy (eV)
         4.35149e-13,                0.005
         6.87147e-13,               0.0075
          9.6461e-13,                 0.01
          1.2696e-12,               0.0125
         1.60435e-12,                0.015
         1.97125e-12,               0.0175
         2.37286e-12,                 0.02
         2.81196e-12,               0.0225
         3.29151e-12,                0.025
         3.81471e-12,               0.0275
         4.38499e-12,                 0.03
         5.00605e-12,               0.0325
         5.68186e-12,                0.035
         6.41669e-12,               0.0375
         7.21511e-12,                 0.04
         8.08207e-12,               0.0425
         9.02284e-12,                0.045
         1.11491e-11,                 0.05
         1.36446e-11,                0.055
         1.65682e-11,                 0.06
         1.99875e-11,                0.065
         2.39808e-11,                 0.07
         2.86386e-11,                0.075
         3.40651e-11,                 0.08
         4.03809e-11,                0.085
         4.77251e-11,                 0.09
         5.62587e-11,                0.095
         6.61675e-11,                  0.1
         7.76662e-11,                0.105
         9.10032e-11,                 0.11
         1.06465e-10,                0.115
         1.24385e-10,                 0.12
         1.45146e-10,                0.125
         1.69194e-10,                 0.13
         1.97042e-10,                0.135
         2.29288e-10,                 0.14
         2.66622e-10,                0.145
         3.09846e-10,                 0.15
         3.59887e-10,                0.155
         4.17824e-10,                 0.16
         4.84907e-10,                0.165
          5.6259e-10,                 0.17
          6.5256e-10,                0.175
         7.56781e-10,                 0.18
         8.77536e-10,                0.185
         1.01748e-09,                 0.19
         1.17972e-09,                0.195
         1.36785e-09,                  0.2
         1.58609e-09,                0.205
         1.83935e-09,                 0.21
         2.13336e-09,                0.215
         2.47483e-09,                 0.22
          2.8716e-09,                0.225
         3.33286e-09,                 0.23
         3.86935e-09,                0.235
         4.49369e-09,                 0.24
         5.22067e-09,                0.245
         6.06768e-09,                 0.25
         7.05514e-09,                0.255
         8.20711e-09,                 0.26
         9.55188e-09,                0.265
         1.11229e-08,                 0.27
         1.29594e-08,                0.275
         1.51081e-08,                 0.28
         1.76241e-08,                0.285
         2.05724e-08,                 0.29
         2.40303e-08,                0.295
         2.80896e-08,                  0.3
         3.28591e-08,                0.305
         3.84685e-08,                 0.31
         4.50723e-08,                0.315
         5.28544e-08,                 0.32
          6.2035e-08,                0.325
         7.28772e-08,                 0.33
          8.5696e-08,                0.335
          1.0087e-07,                 0.34
         1.18852e-07,                0.345
          1.4019e-07,                 0.35
         1.65543e-07,                0.355
         1.95707e-07,                 0.36
         2.31643e-07,                0.365
         2.74517e-07,                 0.37
         3.25747e-07,                0.375
         3.87053e-07,                 0.38
         4.60536e-07,                0.385
         5.48758e-07,                 0.39
          6.5486e-07,                0.395
         7.82691e-07,                  0.4
         9.36986e-07,                0.405
         1.12358e-06,                 0.41
         1.34969e-06,                0.415
         1.62425e-06,                 0.42
         1.95837e-06,                0.425
         2.36587e-06,                 0.43
         2.86406e-06,                0.435
         3.15372e-06,               0.4375
         3.47459e-06,                 0.44
         3.83026e-06,               0.4425
         4.22474e-06,                0.445
         4.66259e-06,               0.4475
          5.1489e-06,                 0.45
         5.68942e-06,               0.4525
         6.29064e-06,                0.455
         6.95985e-06,               0.4575
         7.70533e-06,                 0.46
          8.5364e-06,               0.4625
         9.46365e-06,                0.465
         1.04991e-05,               0.4675
         1.16562e-05,                 0.47
         1.29505e-05,               0.4725
         1.43995e-05,                0.475
         1.60232e-05,               0.4775
         1.78444e-05,                 0.48
          1.9889e-05,               0.4825
         2.21868e-05,                0.485
         2.47716e-05,               0.4875
         2.76825e-05,                 0.49
         3.09641e-05,               0.4925
         3.46677e-05,                0.495
         3.88525e-05,               0.4975
         4.35864e-05,                  0.5
         4.89483e-05,               0.5025
          5.5029e-05,                0.505
          6.1934e-05,               0.5075
         6.97855e-05,                 0.51
          7.8726e-05,               0.5125
         8.89211e-05,                0.515
         0.000100565,               0.5175
         0.000113883,                 0.52
         0.000129141,               0.5225
         0.000146653,                0.525
         0.000166784,               0.5275
         0.000189971,                 0.53
         0.000216727,               0.5325
         0.000247663,                0.535
         0.000283507,               0.5375
         0.000325128,                 0.54
         0.000373567,               0.5425
         0.000430074,                0.545
         0.000496161,               0.5475
         0.000573654,                 0.55
         0.000664775,               0.5525
         0.000772234,                0.555
         0.000899354,               0.5575
          0.00105022,                 0.56
          0.00122991,               0.5625
           0.0014447,                0.565
          0.00170246,               0.5675
          0.00201311,                 0.57
          0.00238916,               0.5725
          0.00284659,                0.575
          0.00340591,               0.5775
          0.00373178,              0.57875
          0.00409364,                 0.58
          0.00449608,              0.58125
          0.00494437,               0.5825
          0.00544458,              0.58375
          0.00600368,                0.585
          0.00662975,              0.58625
          0.00733214,               0.5875
          0.00812173,              0.58875
          0.00901117,                 0.59
           0.0100153,              0.59125
           0.0111514,               0.5925
           0.0124401,              0.59375
           0.0139053,                0.595
           0.0155758,              0.59625
           0.0174855,               0.5975
           0.0196751,              0.59875
           0.0221933,                  0.6
           0.0250987,              0.60125
           0.0284621,               0.6025
           0.0323697,              0.60375
           0.0369264,                0.605
           0.0422607,              0.60625
           0.0485309,               0.6075
           0.0559323,              0.60875
           0.0647071,                 0.61
           0.0751567,              0.61125
           0.0876571,               0.6125
            0.102677,              0.61375
            0.120803,                0.615
            0.142761,              0.61625
            0.169446,               0.6175
            0.201943,              0.61875
            0.241527,                 0.62
            0.289628,              0.62125
            0.347698,               0.6225
            0.416945,              0.62375
            0.497824,                0.625
            0.589264,              0.62625
            0.687736,               0.6275
            0.786553,              0.62875
            0.876175,                 0.63
            0.946149,              0.63125
            0.988343,               0.6325
            0.999798,              0.63375
            0.983351,                0.635
             0.94582,              0.63625
            0.895228,               0.6375
            0.838651,              0.63875
            0.781268,                 0.64
            0.726347,              0.64125
            0.675645,               0.6425
            0.589228,                0.645
            0.522024,               0.6475
            0.470843,                 0.65
            0.432267,               0.6525
            0.403477,                0.655
            0.382339,               0.6575
            0.367291,                 0.66
            0.357208,               0.6625
            0.351283,                0.665
            0.348945,               0.6675
            0.349795,                 0.67
            0.353564,               0.6725
            0.360082,                0.675
            0.381038,                 0.68
            0.412516,                0.685
            0.454881,                 0.69
            0.508607,                0.695
            0.573746,                  0.7

