------------------------------------------------------------
 Transmission Coefficient on refined energy grid using transfer matrices
------------------------------------------------------------
Transmission Coefficient, Energy (eV)
         4.20871e-12,                0.005
         6.61435e-12,               0.0075
         9.24086e-12,                 0.01
         1.21045e-11,               0.0125
         1.52228e-11,                0.015
         1.86142e-11,               0.0175
         2.22988e-11,                 0.02
         2.62977e-11,               0.0225
         3.06337e-11,                0.025
         3.53312e-11,               0.0275
         4.04159e-11,                 0.03
         4.59158e-11,               0.0325
         5.18603e-11,                0.035
         6.52121e-11,                 0.04
         8.07516e-11,                0.045
         9.87982e-11,                 0.05
         1.19717e-10,                0.055
         1.43923e-10,                 0.06
         1.71893e-10,                0.065
         2.04168e-10,                 0.07
         2.41366e-10,                0.075
         2.84195e-10,                 0.08
         3.33459e-10,                0.085
         3.90079e-10,                 0.09
         4.55105e-10,                0.095
         5.29737e-10,                  0.1
         6.15346e-10,                0.105
         7.13497e-10,                 0.11
         8.25981e-10,                0.115
         9.54842e-10,                 0.12
         1.10242e-09,                0.125
         1.27139e-09,                 0.13
         1.46481e-09,                0.135
         1.68619e-09,                 0.14
         1.93955e-09,                0.145
         2.22947e-09,                 0.15
         2.56122e-09,                0.155
         2.94084e-09,                 0.16
         3.37527e-09,                0.165
         3.87244e-09,                 0.17
         4.44149e-09,                0.175
         5.09289e-09,                 0.18
         5.83869e-09,                0.185
         6.69276e-09,                 0.19
         7.67101e-09,                0.195
         8.79182e-09,                  0.2
         1.00763e-08,                0.205
         1.15489e-08,                 0.21
         1.32376e-08,                0.215
         1.51749e-08,                 0.22
         1.73982e-08,                0.225
          1.9951e-08,                 0.23
         2.28832e-08,                0.235
         2.62529e-08,                 0.24
         3.01271e-08,                0.245
         3.45839e-08,                 0.25
         3.97136e-08,                0.255
         4.56211e-08,                 0.26
         5.24284e-08,                0.265
         6.02774e-08,                 0.27
         6.93335e-08,                0.275
         7.97891e-08,                 0.28
         9.18692e-08,                0.285
         1.05836e-07,                 0.29
         1.21997e-07,                0.295
         1.40711e-07,                  0.3
         1.62399e-07,                0.305
         1.87554e-07,                 0.31
         2.16757e-07,                0.315
         2.50689e-07,                 0.32
         2.90154e-07,                0.325
         3.36096e-07,                 0.33
         3.89634e-07,                0.335
         4.52087e-07,                 0.34
         5.25019e-07,                0.345
         6.10281e-07,                 0.35
         7.10073e-07,                0.355
         8.27009e-07,                 0.36
         9.64203e-07,                0.365
         1.12537e-06,                 0.37
         1.31495e-06,                0.375
         1.53826e-06,                 0.38
         1.80166e-06,                0.385
         2.11281e-06,                 0.39
         2.48094e-06,                0.395
         2.91716e-06,                  0.4
         3.43491e-06,                0.405
         4.05048e-06,                 0.41
         4.78366e-06,                0.415
         5.65851e-06,                 0.42
         6.70442e-06,                0.425
         7.95734e-06,                 0.43
         9.46135e-06,                0.435
         1.12707e-05,                 0.44
         1.34524e-05,                0.445
         1.60892e-05,                 0.45
          1.9284e-05,                0.455
          2.3165e-05,                 0.46
         2.78923e-05,                0.465
         3.36672e-05,                 0.47
         3.70243e-05,               0.4725
          4.0743e-05,                0.475
         4.48658e-05,               0.4775
         4.94403e-05,                 0.48
         5.45202e-05,               0.4825
         6.01664e-05,                0.485
         6.64476e-05,               0.4875
         7.34416e-05,                 0.49
         8.12366e-05,               0.4925
          8.9933e-05,                0.495
         9.96447e-05,               0.4975
         0.000110502,                  0.5
         0.000122651,               0.5025
         0.000136263,                0.505
         0.000151531,               0.5075
         0.000168675,                 0.51
         0.000187951,               0.5125
          0.00020965,                0.515
         0.000234108,               0.5175
         0.000261715,                 0.52
         0.000292919,               0.5225
         0.000328241,                0.525
         0.000368282,               0.5275
         0.000413747,                 0.53
         0.000465453,               0.5325
         0.000524358,                0.535
         0.000591583,               0.5375
         0.000668444,                 0.54
         0.000756493,               0.5425
         0.000857562,                0.545
         0.000973823,               0.5475
          0.00110785,                 0.55
          0.00126273,               0.5525
          0.00144214,                0.555
          0.00165048,               0.5575
           0.0018931,                 0.56
          0.00217644,               0.5625
          0.00250832,                0.565
          0.00289832,               0.5675
          0.00335816,                 0.57
           0.0039023,               0.5725
          0.00454867,                0.575
          0.00531963,               0.5775
          0.00624318,                 0.58
          0.00735473,               0.5825
          0.00869923,                0.585
           0.0103343,               0.5875
           0.0123342,                 0.59
           0.0135001,              0.59125
           0.0147956,               0.5925
           0.0162376,              0.59375
           0.0178455,                0.595
           0.0196418,              0.59625
           0.0216522,               0.5975
           0.0239069,              0.59875
           0.0264407,                  0.6
           0.0292944,              0.60125
           0.0325155,               0.6025
           0.0361597,              0.60375
           0.0402925,                0.605
           0.0449909,              0.60625
           0.0503459,               0.6075
           0.0564652,              0.60875
           0.0634765,                 0.61
           0.0715314,              0.61125
           0.0808102,               0.6125
           0.0915274,              0.61375
            0.103938,                0.615
            0.118346,              0.61625
            0.135108,               0.6175
            0.154647,              0.61875
            0.177453,                 0.62
            0.204091,              0.62125
             0.23519,               0.6225
            0.271435,              0.62375
            0.313524,                0.625
            0.362099,              0.62625
            0.417627,               0.6275
            0.480232,              0.62875
            0.549453,                 0.63
            0.623982,              0.63125
            0.701419,               0.6325
            0.778198,              0.63375
            0.849789,                0.635
            0.911304,              0.63625
            0.958388,               0.6375
            0.988155,              0.63875
            0.999769,                 0.64
            0.994457,              0.64125
            0.974988,               0.6425
            0.944905,              0.64375
            0.907805,                0.645
            0.866849,              0.64625
            0.824534,               0.6475
             0.74246,                 0.65
            0.669559,               0.6525
            0.608095,                0.655
            0.557664,               0.6575
            0.516909,                 0.66
            0.484311,               0.6625
            0.458491,                0.665
            0.438299,               0.6675
            0.422815,                 0.67
            0.411313,               0.6725
            0.403231,                0.675
            0.395692,                 0.68
            0.397829,                0.685
             0.40832,                 0.69
            0.426502,                0.695
            0.452117,                  0.7

