------------------------------------------------------------
 Transmission Coefficient on refined energy grid using transfer matrices
------------------------------------------------------------
Transmission Coefficient, Energy (eV)
         2.23835e-25,                0.005
         2.95738e-25,              0.00625
          3.7513e-25,               0.0075
         4.62645e-25,              0.00875
         5.58963e-25,                 0.01
         6.64818e-25,              0.01125
         7.81003e-25,               0.0125
          9.0837e-25,              0.01375
         1.04784e-24,                0.015
         1.20039e-24,              0.01625
          1.3671e-24,               0.0175
          1.5491e-24,              0.01875
         1.74763e-24,                 0.02
         1.96402e-24,              0.02125
          2.1997e-24,               0.0225
         2.73516e-24,                0.025
         3.36774e-24,               0.0275
         4.11333e-24,                 0.03
          4.9903e-24,               0.0325
         6.01985e-24,                0.035
         7.22651e-24,               0.0375
         8.63858e-24,                 0.04
         1.02887e-23,               0.0425
         1.22147e-23,                0.045
         1.44601e-23,               0.0475
          1.7075e-23,                 0.05
         2.01175e-23,               0.0525
         2.36543e-23,                0.055
         2.77626e-23,               0.0575
          3.2531e-23,                 0.06
         3.80622e-23,               0.0625
         4.44741e-23,                0.065
         5.19028e-23,               0.0675
         6.05052e-23,                 0.07
          7.0462e-23,               0.0725
         8.19818e-23,                0.075
         9.53044e-23,               0.0775
         1.10707e-22,                 0.08
         1.28508e-22,               0.0825
         1.49075e-22,                0.085
         1.72832e-22,               0.0875
         2.00268e-22,                 0.09
         2.31944e-22,               0.0925
         2.68511e-22,                0.095
         3.10715e-22,               0.0975
          3.5942e-22,                  0.1
         4.15619e-22,               0.1025
         4.80458e-22,                0.105
         5.55262e-22,               0.1075
         6.41554e-22,                 0.11
         7.41093e-22,               0.1125
          8.5591e-22,                0.115
         9.88346e-22,               0.1175
          1.1411e-21,                 0.12
         1.31731e-21,               0.1225
         1.52055e-21,                0.125
         1.75499e-21,               0.1275
         2.02544e-21,                 0.13
         2.33744e-21,               0.1325
          2.6974e-21,                0.135
         3.11272e-21,               0.1375
         3.59197e-21,                 0.14
         4.14502e-21,               0.1425
         4.78333e-21,                0.145
         5.52012e-21,               0.1475
          6.3707e-21,                 0.15
         7.35277e-21,               0.1525
         8.48683e-21,                0.155
         9.79661e-21,               0.1575
         1.13096e-20,                 0.16
         1.30575e-20,               0.1625
         1.50774e-20,                0.165
         1.74118e-20,               0.1675
         2.01104e-20,                 0.17
         2.32305e-20,               0.1725
         2.68388e-20,                0.175
         3.10126e-20,               0.1775
         3.58416e-20,                 0.18
         4.14299e-20,               0.1825
         4.78985e-20,                0.185
          5.5388e-20,               0.1875
         6.40615e-20,                 0.19
          7.4109e-20,               0.1925
         8.57511e-20,                0.195
         9.92449e-20,               0.1975
         1.14889e-19,                  0.2
         1.33031e-19,               0.2025
         1.54077e-19,                0.205
         1.78499e-19,               0.2075
         2.06846e-19,                 0.21
          2.3976e-19,               0.2125
          2.7799e-19,                0.215
         3.22407e-19,               0.2175
         3.74032e-19,                 0.22
         4.34053e-19,               0.2225
         5.03861e-19,                0.225
          5.8508e-19,               0.2275
         6.79611e-19,                 0.23
         7.89674e-19,               0.2325
         9.17869e-19,                0.235
         1.06724e-18,               0.2375
         1.24136e-18,                 0.24
         1.44439e-18,               0.2425
         1.68125e-18,                0.245
         1.95767e-18,               0.2475
          2.2804e-18,                 0.25
         2.65736e-18,               0.2525
         3.09784e-18,                0.255
         3.61277e-18,               0.2575
           4.215e-18,                 0.26
         4.91965e-18,               0.2625
         5.74452e-18,                0.265
         6.71056e-18,               0.2675
         7.84246e-18,                 0.27
         9.16933e-18,               0.2725
         1.07255e-17,                0.275
         1.25515e-17,               0.2775
         1.46952e-17,                 0.28
         1.72132e-17,               0.2825
         2.01723e-17,                0.285
         2.36516e-17,               0.2875
         2.77447e-17,                 0.29
         3.25626e-17,               0.2925
         3.82366e-17,                0.295
         4.49226e-17,               0.2975
         5.28056e-17,                  0.3
         6.21052e-17,               0.3025
         7.30823e-17,                0.305
         8.60471e-17,               0.3075
         1.01369e-16,                 0.31
         1.19487e-16,               0.3125
         1.40925e-16,                0.315
         1.66308e-16,               0.3175
         1.96379e-16,                 0.32
         2.32029e-16,               0.3225
          2.7432e-16,                0.325
         3.24523e-16,               0.3275
         3.84158e-16,                 0.33
         4.55045e-16,               0.3325
         5.39368e-16,                0.335
         6.39744e-16,               0.3375
         7.59315e-16,                 0.34
         9.01857e-16,               0.3425
         1.07191e-15,                0.345
         1.27493e-15,               0.3475
         1.51751e-15,                 0.35
         1.80756e-15,               0.3525
         2.15468e-15,                0.355
          2.5704e-15,               0.3575
          3.0687e-15,                 0.36
         3.66649e-15,               0.3625
         4.38424e-15,                0.365
         5.24675e-15,               0.3675
         6.28414e-15,                 0.37
         7.53298e-15,               0.3725
         9.03773e-15,                0.375
         1.08525e-14,               0.3775
         1.30433e-14,                 0.38
         1.56904e-14,               0.3825
         1.88921e-14,                0.385
         2.27684e-14,               0.3875
         2.74662e-14,                 0.39
         3.31654e-14,               0.3925
         4.00868e-14,                0.395
         4.85014e-14,               0.3975
         5.87424e-14,                  0.4
         7.12201e-14,               0.4025
         8.64402e-14,                0.405
         1.05027e-13,               0.4075
         1.27751e-13,                 0.41
         1.40955e-13,              0.41125
         1.55568e-13,               0.4125
         1.71746e-13,              0.41375
          1.8966e-13,                0.415
         2.09505e-13,              0.41625
         2.31495e-13,               0.4175
          2.5587e-13,              0.41875
         2.82897e-13,                 0.42
         3.12874e-13,              0.42125
         3.46135e-13,               0.4225
         3.83051e-13,              0.42375
         4.24038e-13,                0.425
         4.69561e-13,              0.42625
         5.20139e-13,               0.4275
         5.76352e-13,              0.42875
         6.38851e-13,                 0.43
         7.08362e-13,              0.43125
         7.85702e-13,               0.4325
         8.71782e-13,              0.43375
         9.67626e-13,                0.435
         1.07438e-12,              0.43625
         1.19333e-12,               0.4375
         1.32593e-12,              0.43875
         1.47378e-12,                 0.44
         1.63873e-12,              0.44125
          1.8228e-12,               0.4425
          2.0283e-12,              0.44375
         2.25783e-12,                0.445
         2.51428e-12,              0.44625
         2.80095e-12,               0.4475
         3.12151e-12,              0.44875
         3.48014e-12,                 0.45
         3.88153e-12,              0.45125
         4.33097e-12,               0.4525
         4.83442e-12,              0.45375
         5.39864e-12,                0.455
         6.03124e-12,              0.45625
         6.74083e-12,               0.4575
         7.53716e-12,              0.45875
         8.43124e-12,                 0.46
         9.43555e-12,              0.46125
         1.05642e-11,               0.4625
         1.18333e-11,              0.46375
         1.32609e-11,                0.465
         1.48676e-11,              0.46625
         1.66769e-11,               0.4675
         1.87153e-11,              0.46875
         2.10131e-11,                 0.47
         2.36046e-11,              0.47125
         2.65289e-11,               0.4725
         2.98307e-11,              0.47375
         3.35605e-11,                0.475
         3.77763e-11,              0.47625
         4.25442e-11,               0.4775
         4.79395e-11,              0.47875
         5.40484e-11,                 0.48
         6.09693e-11,              0.48125
          6.8815e-11,               0.4825
         7.77145e-11,              0.48375
         8.78156e-11,                0.485
         9.92877e-11,              0.48625
         1.12325e-10,               0.4875
         1.27152e-10,              0.48875
         1.44024e-10,                 0.49
         1.63236e-10,              0.49125
         1.85129e-10,               0.4925
         2.10094e-10,              0.49375
         2.38581e-10,                0.495
         2.71112e-10,              0.49625
         3.08287e-10,               0.4975
         3.50802e-10,              0.49875
          3.9946e-10,                  0.5
         4.55192e-10,              0.50125
         5.19076e-10,               0.5025
         5.92365e-10,              0.50375
         6.76511e-10,                0.505
         7.73203e-10,              0.50625
         8.84406e-10,               0.5075
         1.01241e-09,              0.50875
         1.15988e-09,                 0.51
         1.32993e-09,              0.51125
          1.5262e-09,               0.5125
         1.75295e-09,              0.51375
         2.01515e-09,                0.515
         2.31865e-09,              0.51625
          2.6703e-09,               0.5175
         3.07816e-09,              0.51875
          3.5517e-09,                 0.52
         4.10209e-09,              0.52125
          4.7425e-09,               0.5225
         5.48847e-09,              0.52375
          6.3584e-09,                0.525
         7.37408e-09,              0.52625
         8.56134e-09,               0.5275
         9.95086e-09,              0.52875
         1.15791e-08,                 0.53
         1.34897e-08,              0.53125
         1.57343e-08,               0.5325
         1.83751e-08,              0.53375
         2.14863e-08,                0.535
         2.51568e-08,              0.53625
         2.94936e-08,               0.5375
         3.46255e-08,              0.53875
         4.07075e-08,                 0.54
         4.79271e-08,              0.54125
         5.65112e-08,               0.5425
          6.6735e-08,              0.54375
         7.89329e-08,                0.545
         9.35124e-08,              0.54625
         1.10971e-07,               0.5475
         1.31918e-07,              0.54875
         1.57099e-07,                 0.55
         1.87433e-07,              0.55125
         2.24052e-07,               0.5525
         2.68357e-07,              0.55375
         3.22083e-07,                0.555
         3.87388e-07,              0.55625
         4.66964e-07,               0.5575
          5.6418e-07,              0.55875
         6.20684e-07,             0.559375
         6.83263e-07,                 0.56
         7.52618e-07,             0.560625
         8.29538e-07,              0.56125
         9.14913e-07,             0.561875
         1.00974e-06,               0.5625
         1.11515e-06,             0.563125
         1.23241e-06,              0.56375
         1.36297e-06,             0.564375
         1.50844e-06,                0.565
         1.67068e-06,             0.565625
         1.85176e-06,              0.56625
         2.05406e-06,             0.566875
         2.28026e-06,               0.5675
         2.53343e-06,             0.568125
         2.81705e-06,              0.56875
          3.1351e-06,             0.569375
         3.49211e-06,                 0.57
         3.89327e-06,             0.570625
         4.34452e-06,              0.57125
         4.85268e-06,             0.571875
         5.42555e-06,               0.5725
         6.07214e-06,             0.573125
          6.8028e-06,              0.57375
         7.62947e-06,             0.574375
         8.56596e-06,                0.575
         9.62825e-06,             0.575625
         1.08349e-05,              0.57625
         1.22074e-05,             0.576875
         1.37708e-05,               0.5775
         1.55543e-05,             0.578125
         1.75922e-05,              0.57875
         1.99244e-05,             0.579375
         2.25978e-05,                 0.58
         2.56678e-05,             0.580625
         2.91996e-05,              0.58125
         3.32701e-05,             0.581875
         3.79708e-05,               0.5825
         4.34104e-05,             0.583125
         4.97183e-05,              0.58375
         5.70496e-05,             0.584375
         6.55901e-05,                0.585
         7.55635e-05,             0.585625
         8.72403e-05,              0.58625
         0.000100948,             0.586875
         0.000117087,               0.5875
         0.000136143,             0.588125
         0.000158717,              0.58875
         0.000185546,             0.589375
         0.000217548,                 0.59
         0.000255865,             0.590625
         0.000301927,              0.59125
         0.000357539,             0.591875
         0.000424993,               0.5925
         0.000507218,             0.593125
         0.000555009,             0.593438
         0.000607987,              0.59375
         0.000666803,             0.594062
           0.0007322,             0.594375
         0.000805032,             0.594688
         0.000886279,                0.595
         0.000977072,             0.595312
          0.00107872,             0.595625
          0.00119274,             0.595938
          0.00132089,              0.59625
          0.00146524,             0.596562
          0.00162818,             0.596875
          0.00181255,             0.597187
          0.00202169,               0.5975
          0.00225953,             0.597812
          0.00253077,             0.598125
          0.00284101,             0.598437
          0.00319696,              0.59875
          0.00360672,             0.599062
          0.00408007,             0.599375
          0.00462898,             0.599687
          0.00526807,                  0.6
          0.00601541,             0.600313
          0.00689342,             0.600625
          0.00793017,             0.600938
          0.00916107,              0.60125
           0.0106312,             0.601562
           0.0123983,             0.601875
           0.0145376,             0.602188
           0.0171474,               0.6025
           0.0186681,             0.602656
           0.0203585,             0.602812
           0.0222422,             0.602969
           0.0243465,             0.603125
           0.0267036,             0.603281
           0.0293512,             0.603438
           0.0323338,             0.603594
           0.0357043,              0.60375
           0.0395257,             0.603906
           0.0438731,             0.604062
           0.0488372,             0.604219
           0.0545271,             0.604375
           0.0610752,             0.604531
           0.0686432,             0.604688
           0.0774287,             0.604844
           0.0876748,                0.605
           0.0996816,             0.605156
            0.113821,             0.605312
            0.130553,             0.605469
            0.150451,             0.605625
            0.174222,             0.605781
            0.202736,             0.605938
            0.237047,             0.606094
            0.278395,              0.60625
            0.328178,             0.606406
            0.387826,             0.606562
            0.458532,             0.606719
             0.54072,             0.606875
            0.633191,             0.607031
            0.731988,             0.607187
            0.829431,             0.607344
             0.91428,               0.6075
            0.974066,             0.607656
            0.999408,             0.607812
             0.98796,             0.607969
            0.945074,             0.608125
            0.880851,             0.608281
            0.806012,             0.608437
            0.729099,             0.608594
            0.655626,              0.60875
            0.588478,             0.608906
            0.528733,             0.609062
            0.476397,             0.609219
            0.430935,             0.609375
            0.391591,             0.609531
            0.357565,             0.609687
            0.328103,             0.609844
            0.302529,                 0.61
            0.280262,             0.610156
            0.260805,             0.610313
            0.243741,             0.610469
            0.228719,             0.610625
            0.203681,             0.610938
            0.183875,              0.61125
            0.168018,             0.611563
            0.155192,             0.611875
            0.144734,             0.612188
            0.136154,               0.6125
            0.129088,             0.612812
            0.123259,             0.613125
            0.118458,             0.613438
            0.114522,              0.61375
            0.108764,             0.614375
            0.105264,                0.615
            0.103578,             0.615625
            0.103432,              0.61625
            0.104673,             0.616875
            0.107232,               0.6175
             0.11111,             0.618125
            0.116365,              0.61875
            0.123114,             0.619375
            0.131533,                 0.62
            0.141863,             0.620625
            0.154424,              0.62125
            0.169626,             0.621875
             0.18799,               0.6225
            0.210172,             0.623125
            0.236985,              0.62375
             0.26942,             0.624375
            0.308653,                0.625
             0.35601,             0.625625
            0.412862,              0.62625
            0.480359,             0.626875
            0.558934,               0.6275
            0.647472,             0.628125
             0.74222,              0.62875
            0.835824,             0.629375
            0.917449,                 0.63
             0.97502,             0.630625
             0.99943,              0.63125
            0.988418,             0.631875
            0.947239,               0.6325
             0.88576,             0.633125
            0.814405,              0.63375
            0.741423,             0.634375
            0.672091,                0.635
            0.609134,             0.635625
             0.55353,              0.63625
            0.505241,             0.636875
            0.463721,               0.6375
            0.428224,             0.638125
            0.397973,              0.63875
             0.37224,             0.639375
            0.350381,                 0.64
            0.331846,             0.640625
            0.316168,              0.64125
            0.291903,               0.6425
            0.275229,              0.64375
            0.264566,                0.645
            0.258874,              0.64625
            0.257508,               0.6475
            0.260109,              0.64875
            0.266543,                 0.65
            0.276865,              0.65125
              0.2913,               0.6525
            0.310229,              0.65375
            0.334186,                0.655
            0.363847,              0.65625
            0.400001,               0.6575
            0.443494,              0.65875
            0.495093,                 0.66
            0.555258,              0.66125
            0.623757,               0.6625
            0.699127,              0.66375
            0.778053,                0.665
            0.854963,              0.66625
            0.922294,               0.6675
            0.971876,              0.66875
            0.997282,                 0.67
             0.99608,              0.67125
            0.970597,               0.6725
             0.92674,              0.67375
            0.871764,                0.675
            0.812293,              0.67625
             0.75329,               0.6775
             0.64783,                 0.68
            0.565532,               0.6825
            0.505728,                0.685
            0.464771,               0.6875
            0.439107,                 0.69
            0.426094,               0.6925
            0.424048,                0.695
            0.432094,               0.6975
            0.450005,                  0.7

