------------------------------------------------------------
 Transmission Coefficient on refined energy grid using transfer matrices
------------------------------------------------------------
Transmission Coefficient, Energy (eV)
         3.02929e-18,                0.005
         3.93392e-18,              0.00625
         4.90453e-18,               0.0075
         5.94501e-18,              0.00875
         7.05942e-18,                 0.01
         8.25206e-18,              0.01125
         9.52747e-18,               0.0125
         1.08904e-17,              0.01375
          1.2346e-17,                0.015
         1.55562e-17,               0.0175
         1.92043e-17,                 0.02
          2.3341e-17,               0.0225
          2.8023e-17,                0.025
         3.33131e-17,               0.0275
         3.92808e-17,                 0.03
         4.60033e-17,               0.0325
         5.35661e-17,                0.035
         6.20642e-17,               0.0375
         7.16027e-17,                 0.04
          8.2298e-17,               0.0425
         9.42792e-17,                0.045
         1.07689e-16,               0.0475
         1.22687e-16,                 0.05
         1.39447e-16,               0.0525
         1.58165e-16,                0.055
         1.79055e-16,               0.0575
         2.02357e-16,                 0.06
         2.28333e-16,               0.0625
         2.57277e-16,                0.065
         2.89511e-16,               0.0675
         3.25396e-16,                 0.07
         3.65327e-16,               0.0725
         4.09745e-16,                0.075
         4.59135e-16,               0.0775
         5.14038e-16,                 0.08
          5.7505e-16,               0.0825
         6.42831e-16,                0.085
         7.18114e-16,               0.0875
         8.01709e-16,                 0.09
         8.94514e-16,               0.0925
         9.97523e-16,                0.095
         1.11184e-15,               0.0975
         1.23868e-15,                  0.1
         1.37939e-15,               0.1025
         1.53547e-15,                0.105
         1.70859e-15,               0.1075
         1.90057e-15,                 0.11
         2.11346e-15,               0.1125
         2.34951e-15,                0.115
         2.61121e-15,               0.1175
         2.90135e-15,                 0.12
         3.22299e-15,               0.1225
         3.57954e-15,                0.125
         3.97477e-15,               0.1275
         4.41288e-15,                 0.13
          4.8985e-15,               0.1325
          5.4368e-15,                0.135
         6.03348e-15,               0.1375
         6.69489e-15,                 0.14
         7.42807e-15,               0.1425
         8.24082e-15,                0.145
         9.14182e-15,               0.1475
         1.01407e-14,                 0.15
         1.12481e-14,               0.1525
          1.2476e-14,                0.155
         1.38375e-14,               0.1575
         1.53472e-14,                 0.16
         1.70215e-14,               0.1625
         1.88784e-14,                0.165
         2.09381e-14,               0.1675
         2.32228e-14,                 0.17
         2.57575e-14,               0.1725
         2.85699e-14,                0.175
         3.16906e-14,               0.1775
         3.51539e-14,                 0.18
         3.89979e-14,               0.1825
          4.3265e-14,                0.185
         4.80025e-14,               0.1875
         5.32628e-14,                 0.19
         5.91047e-14,               0.1925
         6.55934e-14,                0.195
         7.28016e-14,               0.1975
         8.08104e-14,                  0.2
         8.97102e-14,               0.2025
         9.96019e-14,                0.205
         1.10598e-13,               0.2075
         1.22824e-13,                 0.21
          1.3642e-13,               0.2125
         1.51543e-13,                0.215
         1.68367e-13,               0.2175
         1.87087e-13,                 0.22
         2.07921e-13,               0.2225
         2.31114e-13,                0.225
         2.56938e-13,               0.2275
         2.85697e-13,                 0.23
         3.17733e-13,               0.2325
         3.53427e-13,                0.235
         3.93207e-13,               0.2375
          4.3755e-13,                 0.24
         4.86992e-13,               0.2425
         5.42134e-13,                0.245
         6.03648e-13,               0.2475
         6.72288e-13,                 0.25
         7.48902e-13,               0.2525
         8.34438e-13,                0.255
         9.29961e-13,               0.2575
         1.03667e-12,                 0.26
          1.1559e-12,               0.2625
         1.28917e-12,                0.265
         1.43817e-12,               0.2675
         1.60482e-12,                 0.27
         1.79124e-12,               0.2725
         1.99987e-12,                0.275
         2.23342e-12,               0.2775
         2.49495e-12,                 0.28
          2.7879e-12,               0.2825
         3.11617e-12,                0.285
         3.48413e-12,               0.2875
         3.89672e-12,                 0.29
         4.35953e-12,               0.2925
         4.87885e-12,                0.295
         5.46178e-12,               0.2975
         6.11637e-12,                  0.3
          6.8517e-12,               0.3025
         7.67804e-12,                0.305
           8.607e-12,               0.3075
         9.65176e-12,                 0.31
         1.08272e-11,               0.3125
         1.21502e-11,                0.315
         1.36399e-11,               0.3175
         1.53181e-11,                 0.32
         1.72093e-11,               0.3225
         1.93415e-11,                0.325
         2.17465e-11,               0.3275
         2.44605e-11,                 0.33
         2.75244e-11,               0.3325
         3.09851e-11,                0.335
         3.48956e-11,               0.3375
         3.93166e-11,                 0.34
         4.43173e-11,               0.3425
         4.99762e-11,                0.345
         5.63833e-11,               0.3475
         6.36413e-11,                 0.35
         7.18673e-11,               0.3525
         8.11953e-11,                0.355
         9.17787e-11,               0.3575
         1.03793e-10,                 0.36
         1.17439e-10,               0.3625
         1.32947e-10,                0.365
         1.50582e-10,               0.3675
         1.70646e-10,                 0.37
         1.93488e-10,               0.3725
         2.19508e-10,                0.375
         2.49167e-10,               0.3775
         2.82994e-10,                 0.38
           3.216e-10,               0.3825
         3.65689e-10,                0.385
         4.16071e-10,               0.3875
         4.73685e-10,                 0.39
         5.39613e-10,               0.3925
         6.15108e-10,                0.395
         7.01619e-10,               0.3975
         8.00826e-10,                  0.4
         9.14675e-10,               0.4025
         1.04543e-09,                0.405
          1.1957e-09,               0.4075
         1.36856e-09,                 0.41
         1.56754e-09,               0.4125
         1.79678e-09,                0.415
         2.06111e-09,               0.4175
         2.36614e-09,                 0.42
         2.71847e-09,               0.4225
         3.12577e-09,                0.425
         3.59705e-09,               0.4275
         4.14286e-09,                 0.43
         4.77558e-09,               0.4325
         5.50976e-09,                0.435
          6.3625e-09,               0.4375
         7.35395e-09,                 0.44
         8.50786e-09,               0.4425
         9.85226e-09,                0.445
         1.14203e-08,               0.4475
         1.32512e-08,                 0.45
         1.53914e-08,               0.4525
         1.78961e-08,                0.455
         2.08308e-08,               0.4575
         2.42737e-08,                 0.46
         2.83176e-08,               0.4625
         3.30736e-08,                0.465
         3.86746e-08,               0.4675
         4.52794e-08,                 0.47
          5.3079e-08,               0.4725
         6.23026e-08,                0.475
         7.32262e-08,               0.4775
         8.61827e-08,                 0.48
         1.01574e-07,               0.4825
         1.19888e-07,                0.485
         1.41716e-07,               0.4875
         1.67774e-07,                 0.49
          1.9894e-07,               0.4925
         2.36281e-07,                0.495
         2.81105e-07,               0.4975
         3.35017e-07,                  0.5
          3.9999e-07,               0.5025
         4.78456e-07,                0.505
         5.73423e-07,               0.5075
         6.88618e-07,                 0.51
         8.28675e-07,               0.5125
         9.99375e-07,                0.515
         1.20794e-06,               0.5175
         1.32918e-06,              0.51875
         1.46345e-06,                 0.52
         1.61227e-06,              0.52125
         1.77732e-06,               0.5225
         1.96052e-06,              0.52375
         2.16399e-06,                0.525
         2.39016e-06,              0.52625
         2.64176e-06,               0.5275
         2.92185e-06,              0.52875
         3.23393e-06,                 0.53
         3.58194e-06,              0.53125
         3.97033e-06,               0.5325
         4.40417e-06,              0.53375
         4.88921e-06,                0.535
         5.43199e-06,              0.53625
         6.03995e-06,               0.5375
         6.72158e-06,              0.53875
         7.48656e-06,                 0.54
         8.34594e-06,              0.54125
          9.3124e-06,               0.5425
         1.04004e-05,              0.54375
         1.16267e-05,                0.545
         1.30103e-05,              0.54625
         1.45733e-05,               0.5475
         1.63411e-05,              0.54875
          1.8343e-05,                 0.55
         2.06129e-05,              0.55125
         2.31902e-05,               0.5525
         2.61204e-05,              0.55375
         2.94567e-05,                0.555
         3.32609e-05,              0.55625
         3.76053e-05,               0.5575
         4.25743e-05,              0.55875
         4.82672e-05,                 0.56
         5.48005e-05,              0.56125
         6.23115e-05,               0.5625
         7.09626e-05,              0.56375
         8.09459e-05,                0.565
         9.24895e-05,              0.56625
         0.000105865,               0.5675
         0.000121398,              0.56875
         0.000139477,                 0.57
         0.000160569,              0.57125
          0.00018524,               0.5725
         0.000214172,              0.57375
         0.000248196,                0.575
         0.000288326,              0.57625
         0.000335803,               0.5775
         0.000392159,              0.57875
         0.000459286,                 0.58
         0.000539538,              0.58125
         0.000635861,               0.5825
         0.000751959,              0.58375
         0.000892522,                0.585
          0.00106353,              0.58625
          0.00127266,               0.5875
          0.00139452,             0.588125
          0.00152985,              0.58875
          0.00168037,             0.589375
          0.00184807,                 0.59
          0.00203521,             0.590625
          0.00224442,              0.59125
          0.00247874,             0.591875
          0.00274167,               0.5925
          0.00303733,             0.593125
          0.00337047,              0.59375
          0.00374671,             0.594375
          0.00417261,                0.595
          0.00465592,             0.595625
          0.00520581,              0.59625
           0.0058332,             0.596875
          0.00655109,               0.5975
          0.00737509,             0.598125
            0.008324,              0.59875
          0.00942058,             0.599375
           0.0106925,                  0.6
           0.0121738,             0.600625
           0.0139061,              0.60125
           0.0159414,             0.601875
           0.0183441,               0.6025
           0.0211956,             0.603125
           0.0245987,              0.60375
           0.0286848,             0.604375
           0.0336231,                0.605
           0.0396334,             0.605625
           0.0431273,             0.605938
           0.0470038,              0.60625
           0.0513137,             0.606562
           0.0561156,             0.606875
           0.0614774,             0.607187
           0.0674779,               0.6075
           0.0742089,             0.607812
           0.0817771,             0.608125
            0.090307,             0.608437
           0.0999442,              0.60875
            0.110859,             0.609062
             0.12325,             0.609375
            0.137349,             0.609687
            0.153427,                 0.61
            0.171798,             0.610313
            0.192822,             0.610625
             0.21691,             0.610938
            0.244525,              0.61125
            0.276171,             0.611563
             0.31238,             0.611875
            0.353681,             0.612188
            0.400541,               0.6125
            0.453277,             0.612812
            0.511932,             0.613125
            0.576095,             0.613438
            0.644702,              0.61375
            0.715842,             0.614062
            0.786641,             0.614375
            0.853341,             0.614688
            0.911653,                0.615
            0.957394,             0.615312
            0.987286,             0.615625
            0.999646,             0.615938
             0.99469,              0.61625
            0.974359,             0.616562
             0.94175,             0.616875
            0.900423,             0.617188
            0.853796,               0.6175
            0.755584,             0.618125
            0.662416,              0.61875
            0.580817,             0.619375
            0.512114,                 0.62
            0.455304,             0.620625
            0.408631,              0.62125
            0.370299,             0.621875
            0.338731,               0.6225
            0.312628,             0.623125
            0.290952,              0.62375
             0.27288,             0.624375
            0.257768,                0.625
            0.245107,             0.625625
            0.234495,              0.62625
            0.225616,             0.626875
            0.218215,               0.6275
            0.207075,              0.62875
            0.199884,                 0.63
            0.195867,              0.63125
            0.194523,               0.6325
            0.195538,              0.63375
            0.198733,                0.635
            0.204034,              0.63625
            0.211445,               0.6375
            0.221045,              0.63875
            0.232975,                 0.64
            0.247439,              0.64125
            0.264698,               0.6425
            0.285077,              0.64375
            0.308953,                0.645
            0.336755,              0.64625
            0.368942,               0.6475
            0.405979,              0.64875
            0.448284,                 0.65
            0.496145,              0.65125
            0.549606,               0.6525
            0.608303,              0.65375
            0.671271,                0.655
            0.736761,              0.65625
            0.802122,               0.6575
            0.863854,              0.65875
            0.917933,                 0.66
            0.960414,              0.66125
            0.988191,               0.6625
            0.999671,              0.66375
            0.995081,                0.665
            0.976295,              0.66625
            0.946295,               0.6675
            0.908486,              0.66875
            0.866118,                 0.67
            0.777997,               0.6725
            0.696153,                0.675
            0.626448,               0.6775
            0.569926,                 0.68
            0.525549,               0.6825
            0.491668,                0.685
            0.466673,               0.6875
            0.449207,                 0.69
             0.43822,               0.6925
            0.432934,                0.695
             0.43281,               0.6975
              0.4375,                  0.7

