------------------------------------------------------------
 Transmission Coefficient on refined energy grid using transfer matrices
------------------------------------------------------------
Transmission Coefficient, Energy (eV)
         3.42634e-15,                0.005
         5.46596e-15,               0.0075
         7.75179e-15,                 0.01
         1.03077e-14,               0.0125
         1.31597e-14,                0.015
         1.63362e-14,               0.0175
         1.98679e-14,                 0.02
         2.37887e-14,               0.0225
          2.8135e-14,                0.025
         3.29469e-14,               0.0275
         3.82677e-14,                 0.03
         4.41449e-14,               0.0325
         5.06298e-14,                0.035
         5.77786e-14,               0.0375
         6.56523e-14,                 0.04
         7.43173e-14,               0.0425
          8.3846e-14,                0.045
         9.43169e-14,               0.0475
         1.05816e-13,                 0.05
         1.18436e-13,               0.0525
         1.32278e-13,                0.055
         1.47453e-13,               0.0575
         1.64081e-13,                 0.06
         2.02229e-13,                0.065
         2.47909e-13,                 0.07
          3.0253e-13,                0.075
         3.67755e-13,                 0.08
         4.45557e-13,                0.085
         5.38269e-13,                 0.09
         6.48655e-13,                0.095
         7.79987e-13,                  0.1
         9.36142e-13,                0.105
         1.12171e-12,                 0.11
         1.34215e-12,                0.115
         1.60389e-12,                 0.12
         1.91461e-12,                0.125
         2.28338e-12,                 0.13
         2.72099e-12,                0.135
         3.24022e-12,                 0.14
         3.85629e-12,                0.145
         4.58728e-12,                 0.15
         5.45467e-12,                0.155
         6.48404e-12,                 0.16
         7.70584e-12,                0.165
         9.15632e-12,                 0.17
         1.08787e-11,                0.175
         1.29246e-11,                 0.18
         1.53556e-11,                0.185
          1.8245e-11,                 0.19
         2.16809e-11,                0.195
         2.57683e-11,                  0.2
          3.0633e-11,                0.205
         3.64257e-11,                 0.21
         4.33273e-11,                0.215
         5.15547e-11,                 0.22
         6.13684e-11,                0.225
         7.30817e-11,                 0.23
         8.70719e-11,                0.235
         1.03793e-10,                 0.24
         1.23793e-10,                0.245
         1.47732e-10,                 0.25
         1.76411e-10,                0.255
         2.10795e-10,                 0.26
         2.52056e-10,                0.265
         3.01612e-10,                 0.27
         3.61188e-10,                0.275
         4.32878e-10,                 0.28
         5.19232e-10,                0.285
         6.23357e-10,                 0.29
         7.49044e-10,                0.295
         9.00929e-10,                  0.3
         1.08468e-09,                0.305
         1.30725e-09,                 0.31
         1.57718e-09,                0.315
         1.90494e-09,                 0.32
         2.30346e-09,                0.325
         2.78867e-09,                 0.33
         3.38026e-09,                0.335
         4.10259e-09,                 0.34
         4.98588e-09,                0.345
         5.49929e-09,               0.3475
         6.06768e-09,                 0.35
          6.6972e-09,               0.3525
         7.39472e-09,                0.355
          8.1679e-09,               0.3575
          9.0253e-09,                 0.36
         9.97653e-09,               0.3625
         1.10323e-08,                0.365
         1.22046e-08,               0.3675
          1.3507e-08,                 0.37
         1.49545e-08,               0.3725
          1.6564e-08,                0.375
         1.83545e-08,               0.3775
         2.03475e-08,                 0.38
         2.25668e-08,               0.3825
         2.50394e-08,                0.385
         2.77957e-08,               0.3875
         3.08698e-08,                 0.39
         3.43001e-08,               0.3925
         3.81302e-08,                0.395
         4.24089e-08,               0.3975
         4.71915e-08,                  0.4
         5.25403e-08,               0.4025
         5.85261e-08,                0.405
         6.52285e-08,               0.4075
         7.27381e-08,                 0.41
         8.11573e-08,               0.4125
         9.06023e-08,                0.415
         1.01205e-07,               0.4175
         1.13115e-07,                 0.42
         1.26502e-07,               0.4225
         1.41561e-07,                0.425
         1.58512e-07,               0.4275
         1.77607e-07,                 0.43
         1.99131e-07,               0.4325
         2.23414e-07,                0.435
         2.50829e-07,               0.4375
         2.81804e-07,                 0.44
         3.16831e-07,               0.4425
         3.56472e-07,                0.445
         4.01372e-07,               0.4475
         4.52273e-07,                 0.45
         5.10028e-07,               0.4525
          5.7562e-07,                0.455
         6.50179e-07,               0.4575
         7.35014e-07,                 0.46
         8.31634e-07,               0.4625
         9.41786e-07,                0.465
         1.06749e-06,               0.4675
         1.21111e-06,                 0.47
         1.37535e-06,               0.4725
          1.5634e-06,                0.475
         1.77895e-06,               0.4775
         2.02632e-06,                 0.48
         2.31054e-06,               0.4825
          2.6375e-06,                0.485
         3.01413e-06,               0.4875
         3.44853e-06,                 0.49
         3.95025e-06,               0.4925
         4.53055e-06,                0.495
          5.2027e-06,               0.4975
         5.98241e-06,                  0.5
         6.88829e-06,               0.5025
         7.94245e-06,                0.505
          9.1712e-06,               0.5075
         1.06059e-05,                 0.51
         1.22841e-05,               0.5125
         1.42508e-05,                0.515
           1.656e-05,               0.5175
         1.92766e-05,                 0.52
         2.24795e-05,               0.5225
         2.62636e-05,                0.525
         3.07448e-05,               0.5275
         3.60639e-05,                 0.53
         4.23932e-05,               0.5325
         4.99442e-05,                0.535
         5.89771e-05,               0.5375
         6.98135e-05,                 0.54
         8.28527e-05,               0.5425
         9.85919e-05,                0.545
         0.000117654,               0.5475
         0.000140821,                 0.55
         0.000169083,               0.5525
         0.000185505,              0.55375
         0.000203697,                0.555
         0.000223871,              0.55625
         0.000246269,               0.5575
         0.000271163,              0.55875
         0.000298865,                 0.56
         0.000329729,              0.56125
         0.000364158,               0.5625
         0.000402616,              0.56375
         0.000445632,                0.565
         0.000493814,              0.56625
         0.000547862,               0.5675
         0.000608581,              0.56875
         0.000676903,                 0.57
         0.000753908,              0.57125
         0.000840847,               0.5725
         0.000939179,              0.57375
          0.00105061,                0.575
          0.00117712,              0.57625
          0.00132105,               0.5775
          0.00148516,              0.57875
           0.0016727,                 0.58
          0.00188751,              0.58125
           0.0021342,               0.5825
          0.00241821,              0.58375
          0.00274614,                0.585
          0.00312586,              0.58625
          0.00356694,               0.5875
          0.00408099,              0.58875
           0.0046822,                 0.59
          0.00538797,              0.59125
           0.0062198,               0.5925
          0.00720442,              0.59375
          0.00837522,                0.595
          0.00977426,              0.59625
           0.0114549,               0.5975
           0.0134853,              0.59875
           0.0159535,                  0.6
           0.0189738,              0.60125
           0.0207363,             0.601875
           0.0226966,               0.6025
           0.0248812,             0.603125
           0.0273211,              0.60375
           0.0300517,             0.604375
           0.0331148,                0.605
           0.0365588,             0.605625
           0.0404404,              0.60625
           0.0448265,             0.606875
           0.0497956,               0.6075
           0.0554404,             0.608125
           0.0618708,              0.60875
           0.0692172,             0.609375
           0.0776348,                 0.61
           0.0873083,             0.610625
           0.0984583,              0.61125
            0.111348,             0.611875
            0.126291,               0.6125
             0.14366,             0.613125
            0.163896,              0.61375
            0.187517,             0.614375
            0.215119,                0.615
            0.247379,             0.615625
            0.285035,              0.61625
            0.328847,             0.616875
            0.379519,               0.6175
            0.437565,             0.618125
            0.503101,              0.61875
            0.575555,             0.619375
             0.65333,                 0.62
            0.733497,             0.620625
            0.811697,              0.62125
            0.882453,             0.621875
            0.940002,               0.6225
            0.979532,             0.623125
            0.998353,              0.62375
              0.9965,             0.624375
            0.976484,                0.625
            0.942395,             0.625625
            0.898824,              0.62625
            0.849999,             0.626875
            0.799322,               0.6275
             0.70136,              0.62875
            0.615368,                 0.63
            0.543815,              0.63125
            0.485689,               0.6325
            0.438912,              0.63375
             0.40136,                0.635
            0.371206,              0.63625
            0.346981,               0.6375
            0.327536,              0.63875
            0.311987,                 0.64
            0.299651,              0.64125
            0.290007,               0.6425
            0.282651,              0.64375
            0.277275,                0.645
             0.27156,               0.6475
            0.271561,                 0.65
            0.276562,               0.6525
            0.286239,                0.655
            0.300548,               0.6575
            0.319657,                 0.66
            0.343899,               0.6625
            0.373733,                0.665
            0.409686,               0.6675
            0.452281,                 0.67
            0.501906,               0.6725
            0.558629,                0.675
            0.621933,               0.6775
            0.690402,                 0.68
            0.761429,               0.6825
            0.831091,                0.685
            0.894403,               0.6875
            0.946064,                 0.69
            0.981605,               0.6925
            0.998522,                0.695
            0.996868,               0.6975
            0.979036,                  0.7

